AIC: (8, 0, 9) 143327.138551553

RMSE: 772.377401
