AIC: (0, 0, 5) 1162694.5414544824


RMSE: 384.252583
