AIC: (0,2,3) 	173530.3225750011 

RMSE: 8624.471210
