AIC: (9, 0, 9) 88.62765056955323

RMSE: 0.599773

