AIC: (14, 0, 0) 1157401.15691622

RMSE: 334.591480

