AIC: (5, 1, 3) 34926.36303359321

RMSE: 0.417072
